mae: 0.005070, psnr: 35.614286, ssim: 0.972565, fid: 1.082573 ----> 10%
mae: 0.005012, psnr: 35.831633, ssim: 0.973553, fid: 0.802913 ---> 20%
mae: 0.011494, psnr: 29.864244, ssim: 0.929053, fid: 3.203559 ----> 30%